{
  "cells": [
    {
      "metadata": {
        "trusted": true
      },
      "cell_type": "code",
      "source": "import pandas as pd\nimport numpy as np\nimport matplotlib.pyplot as plt\nfrom sklearn.preprocessing import scale\nfrom sklearn.decomposition import PCA\nfrom sklearn.preprocessing import StandardScaler",
      "execution_count": 1,
      "outputs": []
    },
    {
      "metadata": {
        "trusted": true
      },
      "cell_type": "code",
      "source": "df = pd.read_csv('https://storage.googleapis.com/dimensionless/Analytics/USArrests.csv',index_col=0)",
      "execution_count": 2,
      "outputs": []
    },
    {
      "metadata": {
        "trusted": true
      },
      "cell_type": "code",
      "source": "df.head()",
      "execution_count": 3,
      "outputs": [
        {
          "output_type": "execute_result",
          "execution_count": 3,
          "data": {
            "text/html": "<div>\n<style scoped>\n    .dataframe tbody tr th:only-of-type {\n        vertical-align: middle;\n    }\n\n    .dataframe tbody tr th {\n        vertical-align: top;\n    }\n\n    .dataframe thead th {\n        text-align: right;\n    }\n</style>\n<table border=\"1\" class=\"dataframe\">\n  <thead>\n    <tr style=\"text-align: right;\">\n      <th></th>\n      <th>Murder</th>\n      <th>Assault</th>\n      <th>UrbanPop</th>\n      <th>Rape</th>\n    </tr>\n  </thead>\n  <tbody>\n    <tr>\n      <th>Alabama</th>\n      <td>13.2</td>\n      <td>236</td>\n      <td>58</td>\n      <td>21.2</td>\n    </tr>\n    <tr>\n      <th>Alaska</th>\n      <td>10.0</td>\n      <td>263</td>\n      <td>48</td>\n      <td>44.5</td>\n    </tr>\n    <tr>\n      <th>Arizona</th>\n      <td>8.1</td>\n      <td>294</td>\n      <td>80</td>\n      <td>31.0</td>\n    </tr>\n    <tr>\n      <th>Arkansas</th>\n      <td>8.8</td>\n      <td>190</td>\n      <td>50</td>\n      <td>19.5</td>\n    </tr>\n    <tr>\n      <th>California</th>\n      <td>9.0</td>\n      <td>276</td>\n      <td>91</td>\n      <td>40.6</td>\n    </tr>\n  </tbody>\n</table>\n</div>",
            "text/plain": "            Murder  Assault  UrbanPop  Rape\nAlabama       13.2      236        58  21.2\nAlaska        10.0      263        48  44.5\nArizona        8.1      294        80  31.0\nArkansas       8.8      190        50  19.5\nCalifornia     9.0      276        91  40.6"
          },
          "metadata": {}
        }
      ]
    },
    {
      "metadata": {
        "trusted": true
      },
      "cell_type": "code",
      "source": "df.mean()",
      "execution_count": 4,
      "outputs": [
        {
          "output_type": "execute_result",
          "execution_count": 4,
          "data": {
            "text/plain": "Murder        7.788\nAssault     170.760\nUrbanPop     65.540\nRape         21.232\ndtype: float64"
          },
          "metadata": {}
        }
      ]
    },
    {
      "metadata": {
        "trusted": true
      },
      "cell_type": "code",
      "source": "df.var()",
      "execution_count": 5,
      "outputs": [
        {
          "output_type": "execute_result",
          "execution_count": 5,
          "data": {
            "text/plain": "Murder        18.970465\nAssault     6945.165714\nUrbanPop     209.518776\nRape          87.729159\ndtype: float64"
          },
          "metadata": {}
        }
      ]
    },
    {
      "metadata": {
        "trusted": true
      },
      "cell_type": "code",
      "source": "scale(df)",
      "execution_count": 6,
      "outputs": [
        {
          "output_type": "stream",
          "text": "/home/nbuser/anaconda3_501/lib/python3.6/site-packages/ipykernel/__main__.py:1: DataConversionWarning: Data with input dtype int64, float64 were all converted to float64 by the scale function.\n  if __name__ == '__main__':\n",
          "name": "stderr"
        },
        {
          "output_type": "execute_result",
          "execution_count": 6,
          "data": {
            "text/plain": "array([[ 1.25517927,  0.79078716, -0.52619514, -0.00345116],\n       [ 0.51301858,  1.11805959, -1.22406668,  2.50942392],\n       [ 0.07236067,  1.49381682,  1.00912225,  1.05346626],\n       [ 0.23470832,  0.23321191, -1.08449238, -0.18679398],\n       [ 0.28109336,  1.2756352 ,  1.77678094,  2.08881393],\n       [ 0.02597562,  0.40290872,  0.86954794,  1.88390137],\n       [-1.04088037, -0.73648418,  0.79976079, -1.09272319],\n       [-0.43787481,  0.81502956,  0.45082502, -0.58583422],\n       [ 1.76541475,  1.99078607,  1.00912225,  1.1505301 ],\n       [ 2.22926518,  0.48775713, -0.38662083,  0.49265293],\n       [-0.57702994, -1.51224105,  1.21848371, -0.11129987],\n       [-1.20322802, -0.61527217, -0.80534376, -0.75839217],\n       [ 0.60578867,  0.94836277,  1.21848371,  0.29852525],\n       [-0.13637203, -0.70012057, -0.03768506, -0.0250209 ],\n       [-1.29599811, -1.39102904, -0.5959823 , -1.07115345],\n       [-0.41468229, -0.67587817,  0.03210209, -0.34856705],\n       [ 0.44344101, -0.74860538, -0.94491807, -0.53190987],\n       [ 1.76541475,  0.94836277,  0.03210209,  0.10439756],\n       [-1.31919063, -1.06375661, -1.01470522, -1.44862395],\n       [ 0.81452136,  1.56654403,  0.10188925,  0.70835037],\n       [-0.78576263, -0.26375734,  1.35805802, -0.53190987],\n       [ 1.00006153,  1.02108998,  0.59039932,  1.49564599],\n       [-1.1800355 , -1.19708982,  0.03210209, -0.68289807],\n       [ 1.9277624 ,  1.06957478, -1.5032153 , -0.44563089],\n       [ 0.28109336,  0.0877575 ,  0.31125071,  0.75148985],\n       [-0.41468229, -0.74860538, -0.87513091, -0.521125  ],\n       [-0.80895515, -0.83345379, -0.24704653, -0.51034012],\n       [ 1.02325405,  0.98472638,  1.0789094 ,  2.671197  ],\n       [-1.31919063, -1.37890783, -0.66576945, -1.26528114],\n       [-0.08998698, -0.14254532,  1.63720664, -0.26228808],\n       [ 0.83771388,  1.38472601,  0.31125071,  1.17209984],\n       [ 0.76813632,  1.00896878,  1.42784517,  0.52500755],\n       [ 1.20879423,  2.01502847, -1.43342815, -0.55347961],\n       [-1.62069341, -1.52436225, -1.5032153 , -1.50254831],\n       [-0.11317951, -0.61527217,  0.66018648,  0.01811858],\n       [-0.27552716, -0.23951493,  0.1716764 , -0.13286962],\n       [-0.66980002, -0.14254532,  0.10188925,  0.87012344],\n       [-0.34510472, -0.78496898,  0.45082502, -0.68289807],\n       [-1.01768785,  0.03927269,  1.49763233, -1.39469959],\n       [ 1.53348953,  1.3119988 , -1.22406668,  0.13675217],\n       [-0.92491776, -1.027393  , -1.43342815, -0.90938037],\n       [ 1.25517927,  0.20896951, -0.45640799,  0.61128652],\n       [ 1.13921666,  0.36654512,  1.00912225,  0.46029832],\n       [-1.06407289, -0.61527217,  1.00912225,  0.17989166],\n       [-1.29599811, -1.48799864, -2.34066115, -1.08193832],\n       [ 0.16513075, -0.17890893, -0.17725937, -0.05737552],\n       [-0.87853272, -0.31224214,  0.52061217,  0.53579242],\n       [-0.48425985, -1.08799901, -1.85215107, -1.28685088],\n       [-1.20322802, -1.42739264,  0.03210209, -1.1250778 ],\n       [-0.22914211, -0.11830292, -0.38662083, -0.60740397]])"
          },
          "metadata": {}
        }
      ]
    },
    {
      "metadata": {
        "trusted": true
      },
      "cell_type": "code",
      "source": "X=pd.DataFrame(scale(df),index=df.index,columns=df.columns)\nX.head(10)",
      "execution_count": 7,
      "outputs": [
        {
          "output_type": "stream",
          "text": "/home/nbuser/anaconda3_501/lib/python3.6/site-packages/ipykernel/__main__.py:1: DataConversionWarning: Data with input dtype int64, float64 were all converted to float64 by the scale function.\n  if __name__ == '__main__':\n",
          "name": "stderr"
        },
        {
          "output_type": "execute_result",
          "execution_count": 7,
          "data": {
            "text/html": "<div>\n<style scoped>\n    .dataframe tbody tr th:only-of-type {\n        vertical-align: middle;\n    }\n\n    .dataframe tbody tr th {\n        vertical-align: top;\n    }\n\n    .dataframe thead th {\n        text-align: right;\n    }\n</style>\n<table border=\"1\" class=\"dataframe\">\n  <thead>\n    <tr style=\"text-align: right;\">\n      <th></th>\n      <th>Murder</th>\n      <th>Assault</th>\n      <th>UrbanPop</th>\n      <th>Rape</th>\n    </tr>\n  </thead>\n  <tbody>\n    <tr>\n      <th>Alabama</th>\n      <td>1.255179</td>\n      <td>0.790787</td>\n      <td>-0.526195</td>\n      <td>-0.003451</td>\n    </tr>\n    <tr>\n      <th>Alaska</th>\n      <td>0.513019</td>\n      <td>1.118060</td>\n      <td>-1.224067</td>\n      <td>2.509424</td>\n    </tr>\n    <tr>\n      <th>Arizona</th>\n      <td>0.072361</td>\n      <td>1.493817</td>\n      <td>1.009122</td>\n      <td>1.053466</td>\n    </tr>\n    <tr>\n      <th>Arkansas</th>\n      <td>0.234708</td>\n      <td>0.233212</td>\n      <td>-1.084492</td>\n      <td>-0.186794</td>\n    </tr>\n    <tr>\n      <th>California</th>\n      <td>0.281093</td>\n      <td>1.275635</td>\n      <td>1.776781</td>\n      <td>2.088814</td>\n    </tr>\n    <tr>\n      <th>Colorado</th>\n      <td>0.025976</td>\n      <td>0.402909</td>\n      <td>0.869548</td>\n      <td>1.883901</td>\n    </tr>\n    <tr>\n      <th>Connecticut</th>\n      <td>-1.040880</td>\n      <td>-0.736484</td>\n      <td>0.799761</td>\n      <td>-1.092723</td>\n    </tr>\n    <tr>\n      <th>Delaware</th>\n      <td>-0.437875</td>\n      <td>0.815030</td>\n      <td>0.450825</td>\n      <td>-0.585834</td>\n    </tr>\n    <tr>\n      <th>Florida</th>\n      <td>1.765415</td>\n      <td>1.990786</td>\n      <td>1.009122</td>\n      <td>1.150530</td>\n    </tr>\n    <tr>\n      <th>Georgia</th>\n      <td>2.229265</td>\n      <td>0.487757</td>\n      <td>-0.386621</td>\n      <td>0.492653</td>\n    </tr>\n  </tbody>\n</table>\n</div>",
            "text/plain": "               Murder   Assault  UrbanPop      Rape\nAlabama      1.255179  0.790787 -0.526195 -0.003451\nAlaska       0.513019  1.118060 -1.224067  2.509424\nArizona      0.072361  1.493817  1.009122  1.053466\nArkansas     0.234708  0.233212 -1.084492 -0.186794\nCalifornia   0.281093  1.275635  1.776781  2.088814\nColorado     0.025976  0.402909  0.869548  1.883901\nConnecticut -1.040880 -0.736484  0.799761 -1.092723\nDelaware    -0.437875  0.815030  0.450825 -0.585834\nFlorida      1.765415  1.990786  1.009122  1.150530\nGeorgia      2.229265  0.487757 -0.386621  0.492653"
          },
          "metadata": {}
        }
      ]
    },
    {
      "metadata": {
        "trusted": true
      },
      "cell_type": "code",
      "source": "X.mean(),X.var(),X.std()",
      "execution_count": 8,
      "outputs": [
        {
          "output_type": "execute_result",
          "execution_count": 8,
          "data": {
            "text/plain": "(Murder     -8.437695e-17\n Assault     1.298961e-16\n UrbanPop   -4.263256e-16\n Rape        8.326673e-16\n dtype: float64, Murder      1.020408\n Assault     1.020408\n UrbanPop    1.020408\n Rape        1.020408\n dtype: float64, Murder      1.010153\n Assault     1.010153\n UrbanPop    1.010153\n Rape        1.010153\n dtype: float64)"
          },
          "metadata": {}
        }
      ]
    },
    {
      "metadata": {
        "trusted": true
      },
      "cell_type": "code",
      "source": "pca = PCA()",
      "execution_count": 9,
      "outputs": []
    },
    {
      "metadata": {
        "trusted": true
      },
      "cell_type": "code",
      "source": "pca.fit(X)",
      "execution_count": 10,
      "outputs": [
        {
          "output_type": "execute_result",
          "execution_count": 10,
          "data": {
            "text/plain": "PCA(copy=True, iterated_power='auto', n_components=None, random_state=None,\n  svd_solver='auto', tol=0.0, whiten=False)"
          },
          "metadata": {}
        }
      ]
    },
    {
      "metadata": {
        "trusted": true
      },
      "cell_type": "code",
      "source": "pca.components_",
      "execution_count": 11,
      "outputs": [
        {
          "output_type": "execute_result",
          "execution_count": 11,
          "data": {
            "text/plain": "array([[ 0.53589947,  0.58318363,  0.27819087,  0.54343209],\n       [ 0.41818087,  0.1879856 , -0.87280619, -0.16731864],\n       [-0.34123273, -0.26814843, -0.37801579,  0.81777791],\n       [ 0.6492278 , -0.74340748,  0.13387773,  0.08902432]])"
          },
          "metadata": {}
        }
      ]
    },
    {
      "metadata": {
        "trusted": true
      },
      "cell_type": "code",
      "source": "pca_loadings = pd.DataFrame(pca.components_,index=['PC1','PC2','PC3','PC4'],columns=['Murder','Assault','UrbanPop','Rape'])",
      "execution_count": 12,
      "outputs": []
    },
    {
      "metadata": {
        "trusted": true
      },
      "cell_type": "code",
      "source": "pca_loadings.T",
      "execution_count": 13,
      "outputs": [
        {
          "output_type": "execute_result",
          "execution_count": 13,
          "data": {
            "text/html": "<div>\n<style scoped>\n    .dataframe tbody tr th:only-of-type {\n        vertical-align: middle;\n    }\n\n    .dataframe tbody tr th {\n        vertical-align: top;\n    }\n\n    .dataframe thead th {\n        text-align: right;\n    }\n</style>\n<table border=\"1\" class=\"dataframe\">\n  <thead>\n    <tr style=\"text-align: right;\">\n      <th></th>\n      <th>PC1</th>\n      <th>PC2</th>\n      <th>PC3</th>\n      <th>PC4</th>\n    </tr>\n  </thead>\n  <tbody>\n    <tr>\n      <th>Murder</th>\n      <td>0.535899</td>\n      <td>0.418181</td>\n      <td>-0.341233</td>\n      <td>0.649228</td>\n    </tr>\n    <tr>\n      <th>Assault</th>\n      <td>0.583184</td>\n      <td>0.187986</td>\n      <td>-0.268148</td>\n      <td>-0.743407</td>\n    </tr>\n    <tr>\n      <th>UrbanPop</th>\n      <td>0.278191</td>\n      <td>-0.872806</td>\n      <td>-0.378016</td>\n      <td>0.133878</td>\n    </tr>\n    <tr>\n      <th>Rape</th>\n      <td>0.543432</td>\n      <td>-0.167319</td>\n      <td>0.817778</td>\n      <td>0.089024</td>\n    </tr>\n  </tbody>\n</table>\n</div>",
            "text/plain": "               PC1       PC2       PC3       PC4\nMurder    0.535899  0.418181 -0.341233  0.649228\nAssault   0.583184  0.187986 -0.268148 -0.743407\nUrbanPop  0.278191 -0.872806 -0.378016  0.133878\nRape      0.543432 -0.167319  0.817778  0.089024"
          },
          "metadata": {}
        }
      ]
    },
    {
      "metadata": {
        "trusted": true
      },
      "cell_type": "code",
      "source": "PCscore = pd.DataFrame(pca.transform(X),index=df.index,columns=['PC1','PC2','PC3','PC4'])\nPCscore",
      "execution_count": 14,
      "outputs": [
        {
          "output_type": "execute_result",
          "execution_count": 14,
          "data": {
            "text/html": "<div>\n<style scoped>\n    .dataframe tbody tr th:only-of-type {\n        vertical-align: middle;\n    }\n\n    .dataframe tbody tr th {\n        vertical-align: top;\n    }\n\n    .dataframe thead th {\n        text-align: right;\n    }\n</style>\n<table border=\"1\" class=\"dataframe\">\n  <thead>\n    <tr style=\"text-align: right;\">\n      <th></th>\n      <th>PC1</th>\n      <th>PC2</th>\n      <th>PC3</th>\n      <th>PC4</th>\n    </tr>\n  </thead>\n  <tbody>\n    <tr>\n      <th>Alabama</th>\n      <td>0.985566</td>\n      <td>1.133392</td>\n      <td>-0.444269</td>\n      <td>0.156267</td>\n    </tr>\n    <tr>\n      <th>Alaska</th>\n      <td>1.950138</td>\n      <td>1.073213</td>\n      <td>2.040003</td>\n      <td>-0.438583</td>\n    </tr>\n    <tr>\n      <th>Arizona</th>\n      <td>1.763164</td>\n      <td>-0.745957</td>\n      <td>0.054781</td>\n      <td>-0.834653</td>\n    </tr>\n    <tr>\n      <th>Arkansas</th>\n      <td>-0.141420</td>\n      <td>1.119797</td>\n      <td>0.114574</td>\n      <td>-0.182811</td>\n    </tr>\n    <tr>\n      <th>California</th>\n      <td>2.523980</td>\n      <td>-1.542934</td>\n      <td>0.598557</td>\n      <td>-0.341996</td>\n    </tr>\n    <tr>\n      <th>Colorado</th>\n      <td>1.514563</td>\n      <td>-0.987555</td>\n      <td>1.095007</td>\n      <td>0.001465</td>\n    </tr>\n    <tr>\n      <th>Connecticut</th>\n      <td>-1.358647</td>\n      <td>-1.088928</td>\n      <td>-0.643258</td>\n      <td>-0.118469</td>\n    </tr>\n    <tr>\n      <th>Delaware</th>\n      <td>0.047709</td>\n      <td>-0.325359</td>\n      <td>-0.718633</td>\n      <td>-0.881978</td>\n    </tr>\n    <tr>\n      <th>Florida</th>\n      <td>3.013042</td>\n      <td>0.039229</td>\n      <td>-0.576829</td>\n      <td>-0.096285</td>\n    </tr>\n    <tr>\n      <th>Georgia</th>\n      <td>1.639283</td>\n      <td>1.278942</td>\n      <td>-0.342460</td>\n      <td>1.076797</td>\n    </tr>\n    <tr>\n      <th>Hawaii</th>\n      <td>-0.912657</td>\n      <td>-1.570460</td>\n      <td>0.050782</td>\n      <td>0.902807</td>\n    </tr>\n    <tr>\n      <th>Idaho</th>\n      <td>-1.639800</td>\n      <td>0.210973</td>\n      <td>0.259801</td>\n      <td>-0.499104</td>\n    </tr>\n    <tr>\n      <th>Illinois</th>\n      <td>1.378911</td>\n      <td>-0.681841</td>\n      <td>-0.677496</td>\n      <td>-0.122021</td>\n    </tr>\n    <tr>\n      <th>Indiana</th>\n      <td>-0.505461</td>\n      <td>-0.151563</td>\n      <td>0.228055</td>\n      <td>0.424666</td>\n    </tr>\n    <tr>\n      <th>Iowa</th>\n      <td>-2.253646</td>\n      <td>-0.104054</td>\n      <td>0.164564</td>\n      <td>0.017556</td>\n    </tr>\n    <tr>\n      <th>Kansas</th>\n      <td>-0.796881</td>\n      <td>-0.270165</td>\n      <td>0.025553</td>\n      <td>0.206496</td>\n    </tr>\n    <tr>\n      <th>Kentucky</th>\n      <td>-0.750859</td>\n      <td>0.958440</td>\n      <td>-0.028369</td>\n      <td>0.670557</td>\n    </tr>\n    <tr>\n      <th>Louisiana</th>\n      <td>1.564818</td>\n      <td>0.871055</td>\n      <td>-0.783480</td>\n      <td>0.454728</td>\n    </tr>\n    <tr>\n      <th>Maine</th>\n      <td>-2.396829</td>\n      <td>0.376392</td>\n      <td>-0.065682</td>\n      <td>-0.330460</td>\n    </tr>\n    <tr>\n      <th>Maryland</th>\n      <td>1.763369</td>\n      <td>0.427655</td>\n      <td>-0.157250</td>\n      <td>-0.559070</td>\n    </tr>\n    <tr>\n      <th>Massachusetts</th>\n      <td>-0.486166</td>\n      <td>-1.474496</td>\n      <td>-0.609497</td>\n      <td>-0.179599</td>\n    </tr>\n    <tr>\n      <th>Michigan</th>\n      <td>2.108441</td>\n      <td>-0.155397</td>\n      <td>0.384869</td>\n      <td>0.102372</td>\n    </tr>\n    <tr>\n      <th>Minnesota</th>\n      <td>-1.692682</td>\n      <td>-0.632261</td>\n      <td>0.153070</td>\n      <td>0.067317</td>\n    </tr>\n    <tr>\n      <th>Mississippi</th>\n      <td>0.996494</td>\n      <td>2.393796</td>\n      <td>-0.740808</td>\n      <td>0.215508</td>\n    </tr>\n    <tr>\n      <th>Missouri</th>\n      <td>0.696787</td>\n      <td>-0.263355</td>\n      <td>0.377444</td>\n      <td>0.225824</td>\n    </tr>\n    <tr>\n      <th>Montana</th>\n      <td>-1.185452</td>\n      <td>0.536874</td>\n      <td>0.246889</td>\n      <td>0.123742</td>\n    </tr>\n    <tr>\n      <th>Nebraska</th>\n      <td>-1.265637</td>\n      <td>-0.193954</td>\n      <td>0.175574</td>\n      <td>0.015893</td>\n    </tr>\n    <tr>\n      <th>Nevada</th>\n      <td>2.874395</td>\n      <td>-0.775600</td>\n      <td>1.163380</td>\n      <td>0.314515</td>\n    </tr>\n    <tr>\n      <th>New Hampshire</th>\n      <td>-2.383915</td>\n      <td>-0.018082</td>\n      <td>0.036855</td>\n      <td>-0.033137</td>\n    </tr>\n    <tr>\n      <th>New Jersey</th>\n      <td>0.181566</td>\n      <td>-1.449506</td>\n      <td>-0.764454</td>\n      <td>0.243383</td>\n    </tr>\n    <tr>\n      <th>New Mexico</th>\n      <td>1.980024</td>\n      <td>0.142849</td>\n      <td>0.183692</td>\n      <td>-0.339534</td>\n    </tr>\n    <tr>\n      <th>New York</th>\n      <td>1.682577</td>\n      <td>-0.823184</td>\n      <td>-0.643075</td>\n      <td>-0.013484</td>\n    </tr>\n    <tr>\n      <th>North Carolina</th>\n      <td>1.123379</td>\n      <td>2.228003</td>\n      <td>-0.863572</td>\n      <td>-0.954382</td>\n    </tr>\n    <tr>\n      <th>North Dakota</th>\n      <td>-2.992226</td>\n      <td>0.599119</td>\n      <td>0.301277</td>\n      <td>-0.253987</td>\n    </tr>\n    <tr>\n      <th>Ohio</th>\n      <td>-0.225965</td>\n      <td>-0.742238</td>\n      <td>-0.031139</td>\n      <td>0.473916</td>\n    </tr>\n    <tr>\n      <th>Oklahoma</th>\n      <td>-0.311783</td>\n      <td>-0.287854</td>\n      <td>-0.015310</td>\n      <td>0.010332</td>\n    </tr>\n    <tr>\n      <th>Oregon</th>\n      <td>0.059122</td>\n      <td>-0.541411</td>\n      <td>0.939833</td>\n      <td>-0.237781</td>\n    </tr>\n    <tr>\n      <th>Pennsylvania</th>\n      <td>-0.888416</td>\n      <td>-0.571100</td>\n      <td>-0.400629</td>\n      <td>0.359061</td>\n    </tr>\n    <tr>\n      <th>Rhode Island</th>\n      <td>-0.863772</td>\n      <td>-1.491978</td>\n      <td>-1.369946</td>\n      <td>-0.613569</td>\n    </tr>\n    <tr>\n      <th>South Carolina</th>\n      <td>1.320724</td>\n      <td>1.933405</td>\n      <td>-0.300538</td>\n      <td>-0.131467</td>\n    </tr>\n    <tr>\n      <th>South Dakota</th>\n      <td>-1.987775</td>\n      <td>0.823343</td>\n      <td>0.389293</td>\n      <td>-0.109572</td>\n    </tr>\n    <tr>\n      <th>Tennessee</th>\n      <td>0.999742</td>\n      <td>0.860251</td>\n      <td>0.188083</td>\n      <td>0.652864</td>\n    </tr>\n    <tr>\n      <th>Texas</th>\n      <td>1.355138</td>\n      <td>-0.412481</td>\n      <td>-0.492069</td>\n      <td>0.643195</td>\n    </tr>\n    <tr>\n      <th>Utah</th>\n      <td>-0.550565</td>\n      <td>-1.471505</td>\n      <td>0.293728</td>\n      <td>-0.082314</td>\n    </tr>\n    <tr>\n      <th>Vermont</th>\n      <td>-2.801412</td>\n      <td>1.402288</td>\n      <td>0.841263</td>\n      <td>-0.144890</td>\n    </tr>\n    <tr>\n      <th>Virginia</th>\n      <td>-0.096335</td>\n      <td>0.199735</td>\n      <td>0.011713</td>\n      <td>0.211371</td>\n    </tr>\n    <tr>\n      <th>Washington</th>\n      <td>-0.216903</td>\n      <td>-0.970124</td>\n      <td>0.624871</td>\n      <td>-0.220848</td>\n    </tr>\n    <tr>\n      <th>West Virginia</th>\n      <td>-2.108585</td>\n      <td>1.424847</td>\n      <td>0.104775</td>\n      <td>0.131909</td>\n    </tr>\n    <tr>\n      <th>Wisconsin</th>\n      <td>-2.079714</td>\n      <td>-0.611269</td>\n      <td>-0.138865</td>\n      <td>0.184104</td>\n    </tr>\n    <tr>\n      <th>Wyoming</th>\n      <td>-0.629427</td>\n      <td>0.321013</td>\n      <td>-0.240659</td>\n      <td>-0.166652</td>\n    </tr>\n  </tbody>\n</table>\n</div>",
            "text/plain": "                     PC1       PC2       PC3       PC4\nAlabama         0.985566  1.133392 -0.444269  0.156267\nAlaska          1.950138  1.073213  2.040003 -0.438583\nArizona         1.763164 -0.745957  0.054781 -0.834653\nArkansas       -0.141420  1.119797  0.114574 -0.182811\nCalifornia      2.523980 -1.542934  0.598557 -0.341996\nColorado        1.514563 -0.987555  1.095007  0.001465\nConnecticut    -1.358647 -1.088928 -0.643258 -0.118469\nDelaware        0.047709 -0.325359 -0.718633 -0.881978\nFlorida         3.013042  0.039229 -0.576829 -0.096285\nGeorgia         1.639283  1.278942 -0.342460  1.076797\nHawaii         -0.912657 -1.570460  0.050782  0.902807\nIdaho          -1.639800  0.210973  0.259801 -0.499104\nIllinois        1.378911 -0.681841 -0.677496 -0.122021\nIndiana        -0.505461 -0.151563  0.228055  0.424666\nIowa           -2.253646 -0.104054  0.164564  0.017556\nKansas         -0.796881 -0.270165  0.025553  0.206496\nKentucky       -0.750859  0.958440 -0.028369  0.670557\nLouisiana       1.564818  0.871055 -0.783480  0.454728\nMaine          -2.396829  0.376392 -0.065682 -0.330460\nMaryland        1.763369  0.427655 -0.157250 -0.559070\nMassachusetts  -0.486166 -1.474496 -0.609497 -0.179599\nMichigan        2.108441 -0.155397  0.384869  0.102372\nMinnesota      -1.692682 -0.632261  0.153070  0.067317\nMississippi     0.996494  2.393796 -0.740808  0.215508\nMissouri        0.696787 -0.263355  0.377444  0.225824\nMontana        -1.185452  0.536874  0.246889  0.123742\nNebraska       -1.265637 -0.193954  0.175574  0.015893\nNevada          2.874395 -0.775600  1.163380  0.314515\nNew Hampshire  -2.383915 -0.018082  0.036855 -0.033137\nNew Jersey      0.181566 -1.449506 -0.764454  0.243383\nNew Mexico      1.980024  0.142849  0.183692 -0.339534\nNew York        1.682577 -0.823184 -0.643075 -0.013484\nNorth Carolina  1.123379  2.228003 -0.863572 -0.954382\nNorth Dakota   -2.992226  0.599119  0.301277 -0.253987\nOhio           -0.225965 -0.742238 -0.031139  0.473916\nOklahoma       -0.311783 -0.287854 -0.015310  0.010332\nOregon          0.059122 -0.541411  0.939833 -0.237781\nPennsylvania   -0.888416 -0.571100 -0.400629  0.359061\nRhode Island   -0.863772 -1.491978 -1.369946 -0.613569\nSouth Carolina  1.320724  1.933405 -0.300538 -0.131467\nSouth Dakota   -1.987775  0.823343  0.389293 -0.109572\nTennessee       0.999742  0.860251  0.188083  0.652864\nTexas           1.355138 -0.412481 -0.492069  0.643195\nUtah           -0.550565 -1.471505  0.293728 -0.082314\nVermont        -2.801412  1.402288  0.841263 -0.144890\nVirginia       -0.096335  0.199735  0.011713  0.211371\nWashington     -0.216903 -0.970124  0.624871 -0.220848\nWest Virginia  -2.108585  1.424847  0.104775  0.131909\nWisconsin      -2.079714 -0.611269 -0.138865  0.184104\nWyoming        -0.629427  0.321013 -0.240659 -0.166652"
          },
          "metadata": {}
        }
      ]
    },
    {
      "metadata": {
        "trusted": true
      },
      "cell_type": "code",
      "source": "pca.explained_variance_",
      "execution_count": 15,
      "outputs": [
        {
          "output_type": "execute_result",
          "execution_count": 15,
          "data": {
            "text/plain": "array([2.53085875, 1.00996444, 0.36383998, 0.17696948])"
          },
          "metadata": {}
        }
      ]
    },
    {
      "metadata": {
        "trusted": true
      },
      "cell_type": "code",
      "source": "pca.explained_variance_ratio_",
      "execution_count": 16,
      "outputs": [
        {
          "output_type": "execute_result",
          "execution_count": 16,
          "data": {
            "text/plain": "array([0.62006039, 0.24744129, 0.0891408 , 0.04335752])"
          },
          "metadata": {}
        }
      ]
    },
    {
      "metadata": {
        "trusted": true
      },
      "cell_type": "code",
      "source": "pca.mean_",
      "execution_count": 17,
      "outputs": [
        {
          "output_type": "execute_result",
          "execution_count": 17,
          "data": {
            "text/plain": "array([-7.10542736e-17,  1.38777878e-16, -4.39648318e-16,  8.59312621e-16])"
          },
          "metadata": {}
        }
      ]
    },
    {
      "metadata": {
        "trusted": true
      },
      "cell_type": "code",
      "source": "fig,ax1 =plt.subplots(figsize=(9,7))\nax1.set_xlim(-3.5,3.5)\nax1.set_ylim(-3.5,3.5)\n# Plot Principal Components 1 and 2\nfor i in PCscore.index:\n    ax1.annotate(i, (PCscore.PC1.loc[i], PCscore.PC2.loc[i]), ha='center')\n# Plot reference lines\nax1.hlines(0,-3.5,3.5, linestyles='dotted', colors='grey')\nax1.vlines(0,-3.5,3.5, linestyles='dotted', colors='grey')\n\nax1.set_xlabel('First Principal Component')\nax1.set_ylabel('Second Principal Component')\n\n# Plot Principal Component loading vectors, using a second y-axis.\nax2 = ax1.twinx().twiny() \nax2.set_ylim(-1,1)\nax2.set_xlim(-1,1)\nax2.tick_params(axis='y',colors='r')\nax2.set_xlabel('Principal Component loading vectors', color='orange')\n\n# Plot labels for vectors. Variable 'a' is a small offset parameter to separate arrow tip and text.\na = 1.07  \nfor i in pca_loadings.T[['PC1', 'PC2']].index:\n    ax2.annotate(i, (pca_loadings.T.PC1.loc[i]*a, pca_loadings.T.PC2.loc[i]*a), color='orange')\n    \n#Plot vectors\nax2.arrow(0,0,pca_loadings.T.PC1[0], pca_loadings.T.PC2[0])\nax2.arrow(0,0,pca_loadings.T.PC1[1], pca_loadings.T.PC2[1])\nax2.arrow(0,0,pca_loadings.T.PC1[2], pca_loadings.T.PC2[2])\nax2.arrow(0,0,pca_loadings.T.PC1[3], pca_loadings.T.PC2[3])\n\n",
      "execution_count": 18,
      "outputs": [
        {
          "output_type": "execute_result",
          "execution_count": 18,
          "data": {
            "text/plain": "<matplotlib.patches.FancyArrow at 0x7fb7e5ba6780>"
          },
          "metadata": {}
        },
        {
          "output_type": "display_data",
          "data": {
